   1.2398000e-11   9.9999995e-01   2.8582216e-12
   1.2499080e-11   9.9999995e-01   2.9580646e-12
   1.2600983e-11   9.9999995e-01   3.0613123e-12
   1.2703718e-11   9.9999995e-01   3.1683323e-12
   1.2807290e-11   9.9999995e-01   3.2788798e-12
   1.2911707e-11   9.9999995e-01   3.3933281e-12
   1.3016975e-11   9.9999995e-01   3.5111729e-12
   1.3123101e-11   9.9999995e-01   3.6335540e-12
   1.3230092e-11   9.9999995e-01   3.7602026e-12
   1.3337956e-11   9.9999995e-01   3.8909474e-12
   1.3446699e-11   9.9999995e-01   4.0276732e-12
   1.3556329e-11   9.9999995e-01   4.1674518e-12
   1.3666852e-11   9.9999994e-01   4.3134037e-12
   1.3778277e-11   9.9999994e-01   4.4624768e-12
   1.3890610e-11   9.9999994e-01   4.6185951e-12
   1.4003858e-11   9.9999994e-01   4.7796752e-12
   1.4118030e-11   9.9999994e-01   4.9462225e-12
   1.4233133e-11   9.9999994e-01   5.1197003e-12
   1.4349175e-11   9.9999994e-01   5.2974168e-12
   1.4466162e-11   9.9999994e-01   5.4828518e-12
   1.4584103e-11   9.9999994e-01   5.6721354e-12
   1.4703006e-11   9.9999994e-01   5.8707252e-12
   1.4822878e-11   9.9999994e-01   6.0754083e-12
   1.4943728e-11   9.9999993e-01   6.2863881e-12
   1.5065563e-11   9.9999993e-01   6.5077366e-12
   1.5188391e-11   9.9999993e-01   6.7336725e-12
   1.5312220e-11   9.9999993e-01   6.9694424e-12
   1.5437059e-11   9.9999993e-01   7.2113362e-12
   1.5562916e-11   9.9999993e-01   7.4617588e-12
   1.5689799e-11   9.9999993e-01   7.7221605e-12
   1.5817716e-11   9.9999993e-01   7.9922607e-12
   1.5946677e-11   9.9999992e-01   8.2724699e-12
   1.6076688e-11   9.9999992e-01   8.5584707e-12
   1.6207760e-11   9.9999992e-01   8.8587303e-12
   1.6339900e-11   9.9999992e-01   9.1664961e-12
   1.6473118e-11   9.9999992e-01   9.4866089e-12
   1.6607422e-11   9.9999992e-01   9.8185768e-12
   1.6742821e-11   9.9999992e-01   1.0161891e-11
   1.6879323e-11   9.9999992e-01   1.0516504e-11
   1.7016939e-11   9.9999991e-01   1.0883159e-11
   1.7155676e-11   9.9999991e-01   1.1262587e-11
   1.7295545e-11   9.9999991e-01   1.1656026e-11
   1.7436554e-11   9.9999991e-01   1.2062415e-11
   1.7578712e-11   9.9999991e-01   1.2484370e-11
   1.7722030e-11   9.9999991e-01   1.2917499e-11
   1.7866516e-11   9.9999991e-01   1.3370436e-11
   1.8012180e-11   9.9999990e-01   1.3835783e-11
   1.8159031e-11   9.9999990e-01   1.4317769e-11
   1.8307080e-11   9.9999990e-01   1.4815441e-11
   1.8456336e-11   9.9999990e-01   1.5331738e-11
   1.8606809e-11   9.9999990e-01   1.5866962e-11
   1.8758508e-11   9.9999990e-01   1.6420788e-11
   1.8911444e-11   9.9999989e-01   1.6993559e-11
   1.9065628e-11   9.9999989e-01   1.7582406e-11
   1.9221068e-11   9.9999989e-01   1.8199789e-11
   1.9377775e-11   9.9999989e-01   1.8831447e-11
   1.9535760e-11   9.9999989e-01   1.9490488e-11
   1.9695034e-11   9.9999989e-01   2.0164965e-11
   1.9855605e-11   9.9999988e-01   2.0869735e-11
   2.0017486e-11   9.9999988e-01   2.1598359e-11
   2.0180687e-11   9.9999988e-01   2.2347994e-11
   2.0345218e-11   9.9999988e-01   2.3128917e-11
   2.0511091e-11   9.9999988e-01   2.3936521e-11
   2.0678315e-11   9.9999987e-01   2.4766044e-11
   2.0846904e-11   9.9999987e-01   2.5629560e-11
   2.1016867e-11   9.9999987e-01   2.6526997e-11
   2.1188215e-11   9.9999987e-01   2.7443104e-11
   2.1360961e-11   9.9999987e-01   2.8398369e-11
   2.1535114e-11   9.9999986e-01   2.9386801e-11
   2.1710688e-11   9.9999986e-01   3.0413365e-11
   2.1887693e-11   9.9999986e-01   3.1470875e-11
   2.2066141e-11   9.9999986e-01   3.2566107e-11
   2.2246045e-11   9.9999985e-01   3.3697462e-11
   2.2427414e-11   9.9999985e-01   3.4866844e-11
   2.2610263e-11   9.9999985e-01   3.6137152e-11
   2.2794602e-11   9.9999985e-01   3.7395954e-11
   2.2980444e-11   9.9999984e-01   3.8693957e-11
   2.3167802e-11   9.9999984e-01   4.0039001e-11
   2.3356687e-11   9.9999984e-01   4.1429976e-11
   2.3547111e-11   9.9999984e-01   4.2871412e-11
   2.3739089e-11   9.9999983e-01   4.4360909e-11
   2.3932631e-11   9.9999983e-01   4.5901968e-11
   2.4127752e-11   9.9999983e-01   4.7496580e-11
   2.4324463e-11   9.9999983e-01   4.9143216e-11
   2.4522778e-11   9.9999982e-01   5.0853471e-11
   2.4722710e-11   9.9999982e-01   5.2620790e-11
   2.4924272e-11   9.9999982e-01   5.4446573e-11
   2.5127477e-11   9.9999981e-01   5.6333567e-11
   2.5332339e-11   9.9999981e-01   5.8284630e-11
   2.5538871e-11   9.9999981e-01   6.0307302e-11
   2.5747087e-11   9.9999980e-01   6.2399247e-11
   2.5957000e-11   9.9999980e-01   6.4564328e-11
   2.6168625e-11   9.9999980e-01   6.6802299e-11
   2.6381975e-11   9.9999979e-01   6.9110872e-11
   2.6597065e-11   9.9999979e-01   7.1511762e-11
   2.6813908e-11   9.9999979e-01   7.3993484e-11
   2.7032520e-11   9.9999978e-01   7.6561151e-11
   2.7252913e-11   9.9999978e-01   7.9218346e-11
   2.7475103e-11   9.9999978e-01   8.1965330e-11
   2.7699105e-11   9.9999977e-01   8.4807847e-11
   2.7924933e-11   9.9999977e-01   8.7732014e-11
   2.8152603e-11   9.9999977e-01   9.0774959e-11
   2.8382128e-11   9.9999976e-01   9.3911122e-11
   2.8613525e-11   9.9999976e-01   9.7173680e-11
   2.8846808e-11   9.9999975e-01   1.0050957e-10
   2.9081993e-11   9.9999975e-01   1.0400816e-10
   2.9319096e-11   9.9999975e-01   1.0758255e-10
   2.9558132e-11   9.9999974e-01   1.1131160e-10
   2.9799117e-11   9.9999974e-01   1.1516277e-10
   3.0042066e-11   9.9999973e-01   1.1915040e-10
   3.0286996e-11   9.9999973e-01   1.2326799e-10
   3.0533923e-11   9.9999972e-01   1.2753862e-10
   3.0782863e-11   9.9999972e-01   1.3195127e-10
   3.1033833e-11   9.9999972e-01   1.3650735e-10
   3.1286848e-11   9.9999971e-01   1.4122711e-10
   3.1541927e-11   9.9999971e-01   1.4610655e-10
   3.1799085e-11   9.9999970e-01   1.5113226e-10
   3.2058340e-11   9.9999970e-01   1.5636808e-10
   3.2319709e-11   9.9999969e-01   1.6176440e-10
   3.2583208e-11   9.9999969e-01   1.6733802e-10
   3.2848856e-11   9.9999968e-01   1.7312438e-10
   3.3116670e-11   9.9999968e-01   1.7907689e-10
   3.3386667e-11   9.9999967e-01   1.8525950e-10
   3.3658865e-11   9.9999967e-01   1.9164884e-10
   3.3933282e-11   9.9999966e-01   1.9823519e-10
   3.4209937e-11   9.9999965e-01   2.0508849e-10
   3.4488847e-11   9.9999965e-01   2.1214154e-10
   3.4770032e-11   9.9999964e-01   2.1945879e-10
   3.5053508e-11   9.9999964e-01   2.2701932e-10
   3.5339296e-11   9.9999963e-01   2.3485954e-10
   3.5627414e-11   9.9999962e-01   2.4294381e-10
   3.5917881e-11   9.9999962e-01   2.5127269e-10
   3.6210716e-11   9.9999961e-01   2.5993800e-10
   3.6505938e-11   9.9999961e-01   2.6886929e-10
   3.6803568e-11   9.9999960e-01   2.7812752e-10
   3.7103624e-11   9.9999959e-01   2.8767235e-10
   3.7406126e-11   9.9999959e-01   2.9759721e-10
   3.7711095e-11   9.9999958e-01   3.0782443e-10
   3.8018549e-11   9.9999957e-01   3.1836532e-10
   3.8328511e-11   9.9999957e-01   3.2930665e-10
   3.8641000e-11   9.9999956e-01   3.4064713e-10
   3.8956036e-11   9.9999955e-01   3.5232818e-10
   3.9273641e-11   9.9999954e-01   3.6442541e-10
   3.9593835e-11   9.9999954e-01   3.7693978e-10
   3.9916640e-11   9.9999953e-01   3.8990700e-10
   4.0242076e-11   9.9999952e-01   4.0324991e-10
   4.0570166e-11   9.9999951e-01   4.1715099e-10
   4.0900931e-11   9.9999951e-01   4.3026328e-10
   4.1234392e-11   9.9999950e-01   4.4165210e-10
   4.1570572e-11   9.9999949e-01   4.5586572e-10
   4.1909493e-11   9.9999948e-01   4.7136967e-10
   4.2251177e-11   9.9999947e-01   4.8750088e-10
   4.2595647e-11   9.9999946e-01   5.0406935e-10
   4.2942925e-11   9.9999945e-01   5.2131677e-10
   4.3293034e-11   9.9999945e-01   5.3901994e-10
   4.3645998e-11   9.9999944e-01   5.5745959e-10
   4.4001840e-11   9.9999943e-01   5.7637558e-10
   4.4360583e-11   9.9999942e-01   5.9609230e-10
   4.4722250e-11   9.9999941e-01   6.1630636e-10
   4.5086866e-11   9.9999940e-01   6.3738495e-10
   4.5454455e-11   9.9999939e-01   6.5898210e-10
   4.5825041e-11   9.9999938e-01   6.8151664e-10
   4.6198648e-11   9.9999937e-01   7.0459202e-10
   4.6575301e-11   9.9999936e-01   7.2868429e-10
   4.6955025e-11   9.9999935e-01   7.5333872e-10
   4.7337845e-11   9.9999934e-01   7.7909798e-10
   4.7723786e-11   9.9999933e-01   8.0544363e-10
   4.8112873e-11   9.9999932e-01   8.3297883e-10
   4.8505133e-11   9.9999930e-01   8.6112316e-10
   4.8900590e-11   9.9999929e-01   8.9055843e-10
   4.9299272e-11   9.9999928e-01   9.2062622e-10
   4.9701204e-11   9.9999927e-01   9.5209035e-10
   5.0106413e-11   9.9999926e-01   9.8422294e-10
   5.0514926e-11   9.9999925e-01   1.0178476e-09
   5.0926770e-11   9.9999923e-01   1.0521978e-09
   5.1341971e-11   9.9999922e-01   1.0881203e-09
   5.1760557e-11   9.9999921e-01   1.1248414e-09
   5.2182555e-11   9.9999919e-01   1.1632194e-09
   5.2607995e-11   9.9999918e-01   1.2024741e-09
   5.3036903e-11   9.9999917e-01   1.2434666e-09
   5.3469307e-11   9.9999915e-01   1.2854221e-09
   5.3905238e-11   9.9999914e-01   1.3292169e-09
   5.4344722e-11   9.9999913e-01   1.3740673e-09
   5.4787789e-11   9.9999911e-01   1.4208513e-09
   5.5234469e-11   9.9999910e-01   1.4687913e-09
   5.5684790e-11   9.9999908e-01   1.5187669e-09
   5.6138783e-11   9.9999907e-01   1.5700082e-09
   5.6596477e-11   9.9999905e-01   1.6233918e-09
   5.7057902e-11   9.9999904e-01   1.6781609e-09
   5.7523090e-11   9.9999902e-01   1.7351795e-09
   5.7992070e-11   9.9999901e-01   1.7937124e-09
   5.8464874e-11   9.9999899e-01   1.8546213e-09
   5.8941532e-11   9.9999897e-01   1.9171869e-09
   5.9422077e-11   9.9999896e-01   1.9822460e-09
   5.9906539e-11   9.9999894e-01   2.0491174e-09
   6.0394951e-11   9.9999892e-01   2.1186159e-09
   6.0887346e-11   9.9999890e-01   2.1900884e-09
   6.1383754e-11   9.9999889e-01   2.2643139e-09
   6.1884210e-11   9.9999887e-01   2.3406929e-09
   6.2388746e-11   9.9999885e-01   2.4199620e-09
   6.2897395e-11   9.9999883e-01   2.5015691e-09
   6.3410192e-11   9.9999881e-01   2.5861867e-09
   6.3927169e-11   9.9999879e-01   2.6733577e-09
   6.4448361e-11   9.9999877e-01   2.7637007e-09
   6.4973802e-11   9.9999875e-01   2.8568197e-09
   6.5503527e-11   9.9999873e-01   2.9532572e-09
   6.6037571e-11   9.9999871e-01   3.0527141e-09
   6.6575969e-11   9.9999869e-01   3.1556664e-09
   6.7118757e-11   9.9999867e-01   3.2618945e-09
   6.7665969e-11   9.9999864e-01   3.3717679e-09
   6.8217644e-11   9.9999862e-01   3.4852098e-09
   6.8773815e-11   9.9999860e-01   3.6024924e-09
   6.9334522e-11   9.9999858e-01   3.7236570e-09
   6.9899799e-11   9.9999855e-01   3.8488476e-09
   7.0469686e-11   9.9999853e-01   3.9782348e-09
   7.1044218e-11   9.9999851e-01   4.1118176e-09
   7.1623435e-11   9.9999848e-01   4.2499873e-09
   7.2207374e-11   9.9999846e-01   4.3925806e-09
   7.2796073e-11   9.9999843e-01   4.5401413e-09
   7.3389573e-11   9.9999840e-01   4.6923165e-09
   7.3987911e-11   9.9999838e-01   4.8498742e-09
   7.4591127e-11   9.9999835e-01   5.0122668e-09
   7.5199261e-11   9.9999832e-01   5.1805070e-09
   7.5812354e-11   9.9999830e-01   5.3538115e-09
   7.6430445e-11   9.9999827e-01   5.5334261e-09
   7.7053575e-11   9.9999824e-01   5.7183305e-09
   7.7681785e-11   9.9999821e-01   5.9101040e-09
   7.8315117e-11   9.9999818e-01   6.1074268e-09
   7.8953613e-11   9.9999815e-01   6.3121986e-09
   7.9597314e-11   9.9999812e-01   6.5227591e-09
   8.0246263e-11   9.9999809e-01   6.7413837e-09
   8.0900503e-11   9.9999806e-01   6.9660502e-09
   8.1560077e-11   9.9999803e-01   7.1994324e-09
   8.2225028e-11   9.9999800e-01   7.4391257e-09
   8.2895401e-11   9.9999796e-01   7.6882769e-09
   8.3571239e-11   9.9999793e-01   7.9440204e-09
   8.4252588e-11   9.9999790e-01   8.2099393e-09
   8.4939491e-11   9.9999786e-01   8.4827101e-09
   8.5631994e-11   9.9999783e-01   8.7666269e-09
   8.6330144e-11   9.9999779e-01   9.0577392e-09
   8.7033985e-11   9.9999775e-01   9.3607541e-09
   8.7743565e-11   9.9999772e-01   9.6712346e-09
   8.8458929e-11   9.9999768e-01   9.9947325e-09
   8.9180126e-11   9.9999764e-01   1.0326037e-08
   8.9907203e-11   9.9999760e-01   1.0671247e-08
   9.0640208e-11   9.9999756e-01   1.1024552e-08
   9.1379189e-11   9.9999752e-01   1.1393029e-08
   9.2124195e-11   9.9999748e-01   1.1769966e-08
   9.2875274e-11   9.9999744e-01   1.2163186e-08
   9.3632477e-11   9.9999740e-01   1.2565186e-08
   9.4395854e-11   9.9999735e-01   1.2984966e-08
   9.5165454e-11   9.9999731e-01   1.3413897e-08
   9.5941329e-11   9.9999727e-01   1.3861713e-08
   9.6723529e-11   9.9999722e-01   1.4319014e-08
   9.7512107e-11   9.9999718e-01   1.4796993e-08
   9.8307114e-11   9.9999713e-01   1.5285057e-08
   9.9108602e-11   9.9999708e-01   1.5794818e-08
   9.9916625e-11   9.9999703e-01   1.6315612e-08
   1.0073124e-10   9.9999699e-01   1.6859394e-08
   1.0155249e-10   9.9999694e-01   1.7415251e-08
   1.0238044e-10   9.9999688e-01   1.7994955e-08
   1.0321513e-10   9.9999683e-01   1.8587891e-08
   1.0405664e-10   9.9999678e-01   1.9206272e-08
   1.0490500e-10   9.9999673e-01   1.9839105e-08
   1.0576028e-10   9.9999667e-01   2.0498452e-08
   1.0662253e-10   9.9999662e-01   2.1173577e-08
   1.0749182e-10   9.9999656e-01   2.1876639e-08
   1.0836819e-10   9.9999651e-01   2.2596968e-08
   1.0925170e-10   9.9999645e-01   2.3346713e-08
   1.1014242e-10   9.9999639e-01   2.4115348e-08
   1.1104040e-10   9.9999633e-01   2.4914846e-08
   1.1194570e-10   9.9999627e-01   2.5734879e-08
   1.1285839e-10   9.9999621e-01   2.6587123e-08
   1.1377851e-10   9.9999615e-01   2.7461778e-08
   1.1470613e-10   9.9999608e-01   2.8370465e-08
   1.1564132e-10   9.9999602e-01   2.9303578e-08
   1.1658413e-10   9.9999595e-01   3.0272430e-08
   1.1753463e-10   9.9999588e-01   3.1267829e-08
   1.1849288e-10   9.9999581e-01   3.2300578e-08
   1.1945894e-10   9.9999575e-01   3.3362299e-08
   1.2043288e-10   9.9999567e-01   3.4463450e-08
   1.2141476e-10   9.9999560e-01   3.5596024e-08
   1.2240464e-10   9.9999553e-01   3.6769734e-08
   1.2340259e-10   9.9999545e-01   3.7977749e-08
   1.2440868e-10   9.9999537e-01   3.9229123e-08
   1.2542298e-10   9.9999529e-01   4.0517624e-08
   1.2644554e-10   9.9999521e-01   4.1851465e-08
   1.2747644e-10   9.9999513e-01   4.3225637e-08
   1.2851574e-10   9.9999506e-01   4.4647317e-08
   1.2956351e-10   9.9999498e-01   4.6112915e-08
   1.3061983e-10   9.9999490e-01   4.7628466e-08
   1.3168476e-10   9.9999482e-01   4.9191442e-08
   1.3275838e-10   9.9999473e-01   5.0806446e-08
   1.3384074e-10   9.9999465e-01   5.2473200e-08
   1.3493193e-10   9.9999456e-01   5.4194846e-08
   1.3603202e-10   9.9999447e-01   5.5972253e-08
   1.3714108e-10   9.9999438e-01   5.7806799e-08
   1.3825918e-10   9.9999429e-01   5.9701981e-08
   1.3938639e-10   9.9999419e-01   6.1657102e-08
   1.4052279e-10   9.9999410e-01   6.3677878e-08
   1.4166846e-10   9.9999400e-01   6.5761346e-08
   1.4282347e-10   9.9999390e-01   6.7916079e-08
   1.4398790e-10   9.9999380e-01   7.0136638e-08
   1.4516182e-10   9.9999370e-01   7.2434301e-08
   1.4634531e-10   9.9999360e-01   7.4800590e-08
   1.4753845e-10   9.9999349e-01   7.7249765e-08
   1.4874131e-10   9.9999338e-01   7.9770365e-08
   1.4995399e-10   9.9999327e-01   8.2381424e-08
   1.5117655e-10   9.9999316e-01   8.5067514e-08
   1.5240907e-10   9.9999305e-01   8.7851528e-08
   1.5365165e-10   9.9999294e-01   9.0713835e-08
   1.5490436e-10   9.9999282e-01   9.3681019e-08
   1.5616728e-10   9.9999270e-01   9.6729763e-08
   1.5744049e-10   9.9999258e-01   9.9893141e-08
   1.5872409e-10   9.9999246e-01   1.0314210e-07
   1.6001815e-10   9.9999233e-01   1.0651384e-07
   1.6132277e-10   9.9999221e-01   1.0997452e-07
   1.6263801e-10   9.9999208e-01   1.1356806e-07
   1.6396399e-10   9.9999195e-01   1.1725442e-07
   1.6530077e-10   9.9999182e-01   1.2108506e-07
   1.6664845e-10   9.9999168e-01   1.2501265e-07
   1.6800712e-10   9.9999154e-01   1.2909517e-07
   1.6937687e-10   9.9999140e-01   1.3327845e-07
   1.7075778e-10   9.9999126e-01   1.3762903e-07
   1.7214995e-10   9.9999112e-01   1.4208458e-07
   1.7355347e-10   9.9999097e-01   1.4672142e-07
   1.7496844e-10   9.9999082e-01   1.5146778e-07
   1.7639494e-10   9.9999067e-01   1.5640844e-07
   1.7783307e-10   9.9999052e-01   1.6146308e-07
   1.7928292e-10   9.9999036e-01   1.6672729e-07
   1.8074460e-10   9.9999020e-01   1.7210980e-07
   1.8221819e-10   9.9999004e-01   1.7771917e-07
   1.8370380e-10   9.9998987e-01   1.8345181e-07
   1.8520152e-10   9.9998971e-01   1.8942963e-07
   1.8671145e-10   9.9998954e-01   1.9553549e-07
   1.8823369e-10   9.9998936e-01   2.0190517e-07
   1.8976834e-10   9.9998919e-01   2.0840827e-07
   1.9131550e-10   9.9998901e-01   2.1518620e-07
   1.9287528e-10   9.9998883e-01   2.2210739e-07
   1.9444777e-10   9.9998864e-01   2.2933651e-07
   1.9603309e-10   9.9998846e-01   2.3672154e-07
   1.9763133e-10   9.9998827e-01   2.4440840e-07
   1.9924260e-10   9.9998807e-01   2.5226610e-07
   2.0086700e-10   9.9998788e-01   2.6045307e-07
   2.0250465e-10   9.9998768e-01   2.6882589e-07
   2.0415565e-10   9.9998747e-01   2.7753963e-07
   2.0582011e-10   9.9998727e-01   2.8645701e-07
   2.0749815e-10   9.9998705e-01   2.9573826e-07
   2.0918986e-10   9.9998684e-01   3.0523953e-07
   2.1089536e-10   9.9998662e-01   3.1511261e-07
   2.1261477e-10   9.9998640e-01   3.2522628e-07
   2.1434820e-10   9.9998618e-01   3.3573578e-07
   2.1609576e-10   9.9998595e-01   3.4650763e-07
   2.1785757e-10   9.9998572e-01   3.5769617e-07
   2.1963374e-10   9.9998548e-01   3.6916972e-07
   2.2142439e-10   9.9998524e-01   3.8108021e-07
   2.2322964e-10   9.9998500e-01   3.9329828e-07
   2.2504961e-10   9.9998475e-01   4.0596809e-07
   2.2688442e-10   9.9998450e-01   4.1897432e-07
   2.2873419e-10   9.9998424e-01   4.3246093e-07
   2.3059904e-10   9.9998398e-01   4.4631170e-07
   2.3247909e-10   9.9998372e-01   4.6066376e-07
   2.3437447e-10   9.9998345e-01   4.7540865e-07
   2.3628530e-10   9.9998318e-01   4.9067338e-07
   2.3821171e-10   9.9998290e-01   5.0636865e-07
   2.4015383e-10   9.9998262e-01   5.2261719e-07
   2.4211178e-10   9.9998233e-01   5.3933081e-07
   2.4408569e-10   9.9998204e-01   5.5662132e-07
   2.4607570e-10   9.9998174e-01   5.7440967e-07
   2.4808193e-10   9.9998144e-01   5.9279417e-07
   2.5010452e-10   9.9998113e-01   6.1172450e-07
   2.5214360e-10   9.9998082e-01   6.3128750e-07
   2.5419930e-10   9.9998050e-01   6.5143665e-07
   2.5627176e-10   9.9998018e-01   6.7223970e-07
   2.5836112e-10   9.9997985e-01   6.9367925e-07
   2.6046751e-10   9.9997952e-01   7.1580728e-07
   2.6259108e-10   9.9997918e-01   7.3862551e-07
   2.6473196e-10   9.9997884e-01   7.6216439e-07
   2.6689029e-10   9.9997849e-01   7.8644466e-07
   2.6906622e-10   9.9997814e-01   8.1147422e-07
   2.7125989e-10   9.9997778e-01   8.3730838e-07
   2.7347145e-10   9.9997741e-01   8.6393051e-07
   2.7570104e-10   9.9997704e-01   8.9141509e-07
   2.7794880e-10   9.9997666e-01   9.1971499e-07
   2.8021489e-10   9.9997627e-01   9.4895088e-07
   2.8249946e-10   9.9997588e-01   9.7904401e-07
   2.8480265e-10   9.9997549e-01   1.0101451e-06
   2.8712461e-10   9.9997508e-01   1.0421400e-06
   2.8946551e-10   9.9997467e-01   1.0752235e-06
   2.9182550e-10   9.9997425e-01   1.1092399e-06
   2.9420472e-10   9.9997383e-01   1.1444187e-06
   2.9660335e-10   9.9997340e-01   1.1805672e-06
   2.9902152e-10   9.9997296e-01   1.2179814e-06
   3.0145942e-10   9.9997252e-01   1.2564123e-06
   3.0391719e-10   9.9997207e-01   1.2962042e-06
   3.0639499e-10   9.9997161e-01   1.3370534e-06
   3.0889300e-10   9.9997114e-01   1.3793670e-06
   3.1141138e-10   9.9997066e-01   1.4227827e-06
   3.1395029e-10   9.9997018e-01   1.4677514e-06
   3.1650989e-10   9.9996969e-01   1.5138609e-06
   3.1909037e-10   9.9996919e-01   1.5616536e-06
   3.2169188e-10   9.9996869e-01   1.6106377e-06
   3.2431460e-10   9.9996818e-01   1.6614343e-06
   3.2695871e-10   9.9996765e-01   1.7134714e-06
   3.2962437e-10   9.9996712e-01   1.7674380e-06
   3.3231177e-10   9.9996658e-01   1.8226929e-06
   3.3502107e-10   9.9996604e-01   1.8800213e-06
   3.3775247e-10   9.9996548e-01   1.9386927e-06
   3.4050613e-10   9.9996491e-01   1.9996139e-06
   3.4328224e-10   9.9996434e-01   2.0619343e-06
   3.4608099e-10   9.9996376e-01   2.1266398e-06
   3.4890255e-10   9.9996316e-01   2.1927947e-06
   3.5174712e-10   9.9996256e-01   2.2615312e-06
   3.5461488e-10   9.9996195e-01   2.3317761e-06
   3.5750602e-10   9.9996133e-01   2.4047544e-06
   3.6042074e-10   9.9996070e-01   2.4792973e-06
   3.6335921e-10   9.9996006e-01   2.5568024e-06
   3.6632164e-10   9.9995941e-01   2.6359342e-06
   3.6930823e-10   9.9995875e-01   2.7182216e-06
   3.7231916e-10   9.9995807e-01   2.8022124e-06
   3.7535465e-10   9.9995739e-01   2.8895635e-06
   3.7841488e-10   9.9995670e-01   2.9787454e-06
   3.8150006e-10   9.9995600e-01   3.0714157e-06
   3.8461039e-10   9.9995528e-01   3.1660740e-06
   3.8774608e-10   9.9995456e-01   3.2643905e-06
   3.9090734e-10   9.9995382e-01   3.3648641e-06
   3.9409437e-10   9.9995307e-01   3.4691675e-06
   3.9730738e-10   9.9995231e-01   3.5758000e-06
   4.0054659e-10   9.9995154e-01   3.6864308e-06
   4.0381221e-10   9.9995076e-01   3.7995830e-06
   4.0710445e-10   9.9994996e-01   3.9168989e-06
   4.1042353e-10   9.9994915e-01   4.0369345e-06
   4.1376967e-10   9.9994834e-01   4.1612895e-06
   4.1714310e-10   9.9994750e-01   4.2885917e-06
   4.2054403e-10   9.9994666e-01   4.4204723e-06
   4.2397268e-10   9.9994580e-01   4.5555451e-06
   4.2742929e-10   9.9994493e-01   4.6954223e-06
   4.3091408e-10   9.9994405e-01   4.8387199e-06
   4.3442728e-10   9.9994316e-01   4.9869496e-06
   4.3796912e-10   9.9994225e-01   5.1388336e-06
   4.4153984e-10   9.9994133e-01   5.2957595e-06
   4.4513967e-10   9.9994039e-01   5.4567101e-06
   4.4876885e-10   9.9993945e-01   5.6231739e-06
   4.5242762e-10   9.9993848e-01   5.7939155e-06
   4.5611622e-10   9.9993751e-01   5.9702791e-06
   4.5983489e-10   9.9993652e-01   6.1511964e-06
   4.6358388e-10   9.9993551e-01   6.3378693e-06
   4.6736344e-10   9.9993450e-01   6.5295345e-06
   4.7117381e-10   9.9993347e-01   6.7273932e-06
   4.7501524e-10   9.9993242e-01   6.9305464e-06
   4.7888799e-10   9.9993136e-01   7.1400237e-06
   4.8279232e-10   9.9993029e-01   7.3551702e-06
   4.8672848e-10   9.9992920e-01   7.5768904e-06
   4.9069673e-10   9.9992810e-01   7.8047252e-06
   4.9469733e-10   9.9992698e-01   8.0394491e-06
   4.9873055e-10   9.9992585e-01   8.2807081e-06
   5.0279666e-10   9.9992470e-01   8.5291186e-06
   5.0689591e-10   9.9992354e-01   8.7845798e-06
   5.1102858e-10   9.9992237e-01   9.0475361e-06
   5.1519495e-10   9.9992118e-01   9.3179403e-06
   5.1939528e-10   9.9991998e-01   9.5960449e-06
   5.2362986e-10   9.9991877e-01   9.8822344e-06
   5.2789897e-10   9.9991754e-01   1.0176552e-05
   5.3220288e-10   9.9991630e-01   1.0479387e-05
   5.3654187e-10   9.9991504e-01   1.0790546e-05
   5.4091625e-10   9.9991378e-01   1.1110734e-05
   5.4532629e-10   9.9991250e-01   1.1439538e-05
   5.4977228e-10   9.9991121e-01   1.1778158e-05
   5.5425452e-10   9.9990990e-01   1.2125861e-05
   5.5877330e-10   9.9990859e-01   1.2483945e-05
   5.6332893e-10   9.9990727e-01   1.2851386e-05
   5.6792169e-10   9.9990594e-01   1.3229907e-05
   5.7255190e-10   9.9990460e-01   1.3618168e-05
   5.7721986e-10   9.9990326e-01   1.4018202e-05
   5.8192588e-10   9.9990191e-01   1.4428323e-05
   5.8667027e-10   9.9990056e-01   1.4850923e-05
   5.9145333e-10   9.9989921e-01   1.5283969e-05
   5.9627539e-10   9.9989786e-01   1.5730282e-05
   6.0113677e-10   9.9989652e-01   1.6187439e-05
   6.0603778e-10   9.9989519e-01   1.6658654e-05
   6.1097875e-10   9.9989387e-01   1.7141081e-05
   6.1596000e-10   9.9989258e-01   1.7631359e-05
   6.2098186e-10   9.9989130e-01   1.8130809e-05
   6.2604467e-10   9.9989009e-01   1.8651168e-05
   6.3114875e-10   9.9988888e-01   1.9184998e-05
   6.3629444e-10   9.9988781e-01   1.9737002e-05
   6.4148209e-10   9.9988676e-01   2.0301846e-05
   6.4671203e-10   9.9988597e-01   2.0886139e-05
   6.5198461e-10   9.9988523e-01   2.1483794e-05
   6.5730018e-10   9.9988517e-01   2.2102171e-05
   6.6265908e-10   9.9988523e-01   2.2734387e-05
   6.6806168e-10   9.9989384e-01   2.3388957e-05
   6.7350832e-10   9.9990390e-01   2.4057923e-05
   6.7899937e-10   9.9989774e-01   7.3820637e-06
   6.8453519e-10   9.9988009e-01   7.6136565e-06
   6.9011614e-10   9.9987521e-01   7.8546809e-06
   6.9574259e-10   9.9987130e-01   8.1009889e-06
   7.0141491e-10   9.9986809e-01   8.3569342e-06
   7.0713348e-10   9.9986485e-01   8.6183293e-06
   7.1289867e-10   9.9986188e-01   8.8898477e-06
   7.1871086e-10   9.9985886e-01   9.1669987e-06
   7.2457044e-10   9.9985596e-01   9.4532894e-06
   7.3047779e-10   9.9985301e-01   9.7455195e-06
   7.3643331e-10   9.9985012e-01   1.0049821e-05
   7.4243738e-10   9.9984718e-01   1.0360567e-05
   7.4849040e-10   9.9984426e-01   1.0683983e-05
   7.5459277e-10   9.9984130e-01   1.1014414e-05
   7.6074489e-10   9.9983834e-01   1.1358059e-05
   7.6694717e-10   9.9983533e-01   1.1709361e-05
   7.7320001e-10   9.9983231e-01   1.2074645e-05
   7.7950384e-10   9.9982924e-01   1.2448245e-05
   7.8585906e-10   9.9982615e-01   1.2836484e-05
   7.9226609e-10   9.9982301e-01   1.3233724e-05
   7.9872536e-10   9.9981985e-01   1.3646084e-05
   8.0523729e-10   9.9981663e-01   1.4068270e-05
   8.1180231e-10   9.9981338e-01   1.4506567e-05
   8.1842086e-10   9.9981008e-01   1.4955379e-05
   8.2509337e-10   9.9980674e-01   1.5420387e-05
   8.3182027e-10   9.9980335e-01   1.5895684e-05
   8.3860202e-10   9.9979992e-01   1.6383816e-05
   8.4543906e-10   9.9979643e-01   1.6883931e-05
   8.5233185e-10   9.9979290e-01   1.7401098e-05
   8.5928082e-10   9.9978931e-01   1.7931321e-05
   8.6628646e-10   9.9978566e-01   1.8479801e-05
   8.7334921e-10   9.9978196e-01   1.9042573e-05
   8.8046954e-10   9.9977821e-01   1.9624953e-05
   8.8764792e-10   9.9977440e-01   2.0222631e-05
   8.9488483e-10   9.9977053e-01   2.0840436e-05
   9.0218074e-10   9.9976660e-01   2.1474855e-05
   9.0953613e-10   9.9976261e-01   2.2130520e-05
   9.1695149e-10   9.9975856e-01   2.2804318e-05
   9.2442731e-10   9.9975445e-01   2.3500614e-05
   9.3196408e-10   9.9975027e-01   2.4216351e-05
   9.3956229e-10   9.9974603e-01   2.4955394e-05
   9.4722245e-10   9.9974173e-01   2.5715483e-05
   9.5494506e-10   9.9973736e-01   2.6500050e-05
   9.6273064e-10   9.9973292e-01   2.7307047e-05
   9.7057969e-10   9.9972841e-01   2.8139245e-05
   9.7849273e-10   9.9972384e-01   2.8994384e-05
   9.8647029e-10   9.9971919e-01   2.9874238e-05
   9.9451288e-10   9.9971448e-01   3.0779126e-05
   1.0026211e-09   9.9970969e-01   3.1710364e-05
   1.0107953e-09   9.9970482e-01   3.2668572e-05
   1.0190362e-09   9.9969988e-01   3.3654373e-05
   1.0273443e-09   9.9969486e-01   3.4670200e-05
   1.0357202e-09   9.9968976e-01   3.5715779e-05
   1.0441643e-09   9.9968458e-01   3.6793789e-05
   1.0526773e-09   9.9967932e-01   3.7902917e-05
   1.0612597e-09   9.9967398e-01   3.9046997e-05
   1.0699120e-09   9.9966856e-01   4.0223581e-05
   1.0786349e-09   9.9966305e-01   4.1437694e-05
   1.0874289e-09   9.9965746e-01   4.2685704e-05
   1.0962946e-09   9.9965178e-01   4.3974354e-05
   1.1052326e-09   9.9964601e-01   4.5298585e-05
   1.1142434e-09   9.9964015e-01   4.6666527e-05
   1.1233278e-09   9.9963419e-01   4.8071497e-05
   1.1324861e-09   9.9962814e-01   4.9533269e-05
   1.1417192e-09   9.9962199e-01   5.1038801e-05
   1.1510275e-09   9.9961577e-01   5.2604681e-05
   1.1604117e-09   9.9960945e-01   5.4215559e-05
   1.1698725e-09   9.9960304e-01   5.5882859e-05
   1.1794103e-09   9.9959654e-01   5.7593422e-05
   1.1890259e-09   9.9958996e-01   5.9358455e-05
   1.1987199e-09   9.9958327e-01   6.1166107e-05
   1.2084930e-09   9.9957649e-01   6.3032180e-05
   1.2183457e-09   9.9956960e-01   6.4942794e-05
   1.2282788e-09   9.9956262e-01   6.6932810e-05
   1.2382928e-09   9.9955553e-01   6.8974037e-05
   1.2483885e-09   9.9954835e-01   7.1091821e-05
   1.2585665e-09   9.9954106e-01   7.3260642e-05
   1.2688275e-09   9.9953369e-01   7.5512004e-05
   1.2791721e-09   9.9952620e-01   7.7816449e-05
   1.2896010e-09   9.9951864e-01   8.0208411e-05
   1.3001150e-09   9.9951096e-01   8.2655346e-05
   1.3107148e-09   9.9950321e-01   8.5184066e-05
   1.3214009e-09   9.9949535e-01   8.7768060e-05
   1.3321741e-09   9.9948742e-01   9.0436508e-05
   1.3430352e-09   9.9947937e-01   9.3162027e-05
   1.3539849e-09   9.9947122e-01   9.5925860e-05
   1.3650238e-09   9.9946295e-01   9.8743736e-05
   1.3761527e-09   9.9945457e-01   1.0164591e-04
   1.3873723e-09   9.9944607e-01   1.0460745e-04
   1.3986834e-09   9.9943745e-01   1.0765772e-04
   1.4100868e-09   9.9942869e-01   1.1076979e-04
   1.4215831e-09   9.9941980e-01   1.1399980e-04
   1.4331731e-09   9.9941077e-01   1.1729695e-04
   1.4448576e-09   9.9940161e-01   1.2075328e-04
   1.4566374e-09   9.9939230e-01   1.2428443e-04
   1.4685132e-09   9.9938292e-01   1.2798902e-04
   1.4804859e-09   9.9937339e-01   1.3177646e-04
   1.4925561e-09   9.9936381e-01   1.3574549e-04
   1.5047248e-09   9.9935409e-01   1.3980214e-04
   1.5169927e-09   9.9934433e-01   1.4401170e-04
   1.5293606e-09   9.9933442e-01   1.4831632e-04
   1.5418293e-09   9.9932450e-01   1.5278142e-04
   1.5543997e-09   9.9931444e-01   1.5734170e-04
   1.5670725e-09   9.9930435e-01   1.6202424e-04
   1.5798487e-09   9.9929413e-01   1.6680639e-04
   1.5927291e-09   9.9928387e-01   1.7171177e-04
   1.6057145e-09   9.9927347e-01   1.7672139e-04
   1.6188057e-09   9.9926300e-01   1.8185590e-04
   1.6320037e-09   9.9925239e-01   1.8710894e-04
   1.6453092e-09   9.9924171e-01   1.9252492e-04
   1.6587233e-09   9.9923090e-01   1.9807186e-04
   1.6722467e-09   9.9922005e-01   2.0380152e-04
   1.6858803e-09   9.9920907e-01   2.0967209e-04
   1.6996252e-09   9.9919807e-01   2.1573367e-04
   1.7134820e-09   9.9918697e-01   2.2194926e-04
   1.7274519e-09   9.9917587e-01   2.2836976e-04
   1.7415356e-09   9.9916471e-01   2.3491161e-04
   1.7557342e-09   9.9915361e-01   2.4156906e-04
   1.7700486e-09   9.9914239e-01   2.4833972e-04
   1.7844796e-09   9.9913107e-01   2.5520800e-04
   1.7990283e-09   9.9911960e-01   2.6228543e-04
   1.8136956e-09   9.9910800e-01   2.6963310e-04
   1.8284825e-09   9.9909631e-01   2.7726379e-04
   1.8433899e-09   9.9908458e-01   2.8526493e-04
   1.8584189e-09   9.9907294e-01   2.9361589e-04
   1.8735704e-09   9.9906149e-01   3.0240828e-04
   1.8888454e-09   9.9905020e-01   3.1145242e-04
   1.9042450e-09   9.9903916e-01   3.2077636e-04
   1.9197701e-09   9.9902837e-01   3.3031361e-04
   1.9354218e-09   9.9901789e-01   3.4007290e-04
   1.9512011e-09   9.9900766e-01   3.5001963e-04
   1.9671091e-09   9.9899772e-01   3.6015656e-04
   1.9831467e-09   9.9898809e-01   3.7051523e-04
   1.9993151e-09   9.9897876e-01   3.8109891e-04
   2.0156154e-09   9.9896992e-01   3.9198361e-04
   2.0320485e-09   9.9896153e-01   4.0316513e-04
   2.0486156e-09   9.9895388e-01   4.1467573e-04
   2.0653177e-09   9.9894685e-01   4.2650104e-04
   2.0821561e-09   9.9894097e-01   4.3867881e-04
   2.0991317e-09   9.9893595e-01   4.5118459e-04
   2.1162457e-09   9.9893272e-01   4.6403511e-04
   2.1334993e-09   9.9893072e-01   4.7720435e-04
   2.1508935e-09   9.9893167e-01   4.9075243e-04
   2.1684295e-09   9.9893447e-01   5.0463937e-04
   2.1861085e-09   9.9894286e-01   5.1904100e-04
   2.2039316e-09   9.9895448e-01   5.3385746e-04
   2.2219001e-09   9.9897988e-01   5.4915594e-04
   2.2400150e-09   9.9901250e-01   5.6484910e-04
   2.2582776e-09   9.9918706e-01   5.8104524e-04
   2.2766892e-09   9.9942706e-01   5.9764604e-04
   2.2952508e-09   9.9940845e-01   1.7734430e-04
   2.3139637e-09   9.9907799e-01   1.8246807e-04
   2.3328293e-09   9.9894678e-01   1.8776220e-04
   2.3518486e-09   9.9888294e-01   1.9318502e-04
   2.3710230e-09   9.9883368e-01   1.9879145e-04
   2.3903537e-09   9.9878814e-01   2.0453217e-04
   2.4098420e-09   9.9874831e-01   2.1046962e-04
   2.4294892e-09   9.9870940e-01   2.1654676e-04
   2.4492966e-09   9.9867346e-01   2.2283429e-04
   2.4692655e-09   9.9863765e-01   2.2926696e-04
   2.4893972e-09   9.9860361e-01   2.3592467e-04
   2.5096930e-09   9.9856937e-01   2.4273317e-04
   2.5301543e-09   9.9853624e-01   2.4978349e-04
   2.5507824e-09   9.9850277e-01   2.5699073e-04
   2.5715787e-09   9.9847003e-01   2.6445716e-04
   2.5925445e-09   9.9843686e-01   2.7208649e-04
   2.6136813e-09   9.9840418e-01   2.7999330e-04
   2.6349904e-09   9.9837101e-01   2.8806908e-04
   2.6564732e-09   9.9833822e-01   2.9644181e-04
   2.6781312e-09   9.9830490e-01   3.0499009e-04
   2.6999657e-09   9.9827173e-01   3.1362473e-04
   2.7219783e-09   9.9823801e-01   3.2242730e-04
   2.7441703e-09   9.9820429e-01   3.3153452e-04
   2.7665432e-09   9.9817000e-01   3.4082545e-04
   2.7890986e-09   9.9813560e-01   3.5045315e-04
   2.8118378e-09   9.9810061e-01   3.6027733e-04
   2.8347625e-09   9.9806550e-01   3.7045323e-04
   2.8578740e-09   9.9802981e-01   3.8084088e-04
   2.8811740e-09   9.9799392e-01   3.9159550e-04
   2.9046639e-09   9.9795745e-01   4.0257823e-04
   2.9283454e-09   9.9792073e-01   4.1394409e-04
   2.9522199e-09   9.9788342e-01   4.2555568e-04
   2.9762891e-09   9.9784583e-01   4.3756774e-04
   3.0005545e-09   9.9780765e-01   4.4984422e-04
   3.0250177e-09   9.9776915e-01   4.6254145e-04
   3.0496804e-09   9.9773006e-01   4.7552316e-04
   3.0745441e-09   9.9769062e-01   4.8894051e-04
   3.0996106e-09   9.9765059e-01   5.0266382e-04
   3.1248814e-09   9.9761020e-01   5.1684302e-04
   3.1503583e-09   9.9756921e-01   5.3135048e-04
   3.1760428e-09   9.9752785e-01   5.4633238e-04
   3.2019368e-09   9.9748590e-01   5.6166299e-04
   3.2280419e-09   9.9744357e-01   5.7747613e-04
   3.2543598e-09   9.9740066e-01   5.9366551e-04
   3.2808923e-09   9.9735739e-01   6.1036544e-04
   3.3076411e-09   9.9731356e-01   6.2747229e-04
   3.3346079e-09   9.9726947e-01   6.4511942e-04
   3.3617947e-09   9.9722496e-01   6.6304862e-04
   3.3892031e-09   9.9718046e-01   6.8117391e-04
   3.4168349e-09   9.9713517e-01   6.9941867e-04
   3.4446920e-09   9.9708901e-01   7.1752130e-04
   3.4727763e-09   9.9704208e-01   7.3605719e-04
   3.5010895e-09   9.9699437e-01   7.5510744e-04
   3.5296335e-09   9.9694591e-01   7.7461948e-04
   3.5584103e-09   9.9689668e-01   7.9466737e-04
   3.5874217e-09   9.9684673e-01   8.1520723e-04
   3.6166696e-09   9.9679608e-01   8.3630449e-04
   3.6461559e-09   9.9674471e-01   8.5792635e-04
   3.6758827e-09   9.9669263e-01   8.8012829e-04
   3.7058518e-09   9.9663982e-01   9.0288967e-04
   3.7360653e-09   9.9658628e-01   9.2625495e-04
   3.7665250e-09   9.9653202e-01   9.5021476e-04
   3.7972331e-09   9.9647703e-01   9.7480122e-04
   3.8281916e-09   9.9642131e-01   1.0000234e-03
   3.8594025e-09   9.9636485e-01   1.0259004e-03
   3.8908678e-09   9.9630766e-01   1.0524533e-03
   3.9225897e-09   9.9624973e-01   1.0796853e-03
   3.9545702e-09   9.9619107e-01   1.1076366e-03
   3.9868114e-09   9.9613166e-01   1.1362936e-03
   4.0193155e-09   9.9607156e-01   1.1657169e-03
   4.0520846e-09   9.9601071e-01   1.1958745e-03
   4.0851209e-09   9.9594927e-01   1.2268503e-03
   4.1184265e-09   9.9588713e-01   1.2585917e-03
   4.1520036e-09   9.9582435e-01   1.2908789e-03
   4.1858545e-09   9.9576078e-01   1.3237465e-03
   4.2199813e-09   9.9569642e-01   1.3572622e-03
   4.2543864e-09   9.9563117e-01   1.3914315e-03
   4.2890720e-09   9.9556498e-01   1.4265281e-03
   4.3240404e-09   9.9549779e-01   1.4624404e-03
   4.3592939e-09   9.9542982e-01   1.4993365e-03
   4.3948348e-09   9.9536091e-01   1.5370803e-03
   4.4306655e-09   9.9529126e-01   1.5758534e-03
   4.4667883e-09   9.9522066e-01   1.6154987e-03
   4.5032056e-09   9.9514933e-01   1.6562238e-03
   4.5399198e-09   9.9507703e-01   1.6978506e-03
   4.5769333e-09   9.9500402e-01   1.7406271e-03
   4.6142486e-09   9.9493001e-01   1.7843404e-03
   4.6518681e-09   9.9485534e-01   1.8292997e-03
   4.6897943e-09   9.9477966e-01   1.8752390e-03
   4.7280298e-09   9.9470340e-01   1.9225025e-03
   4.7665769e-09   9.9462610e-01   1.9707834e-03
   4.8054384e-09   9.9454830e-01   2.0204700e-03
   4.8446167e-09   9.9446946e-01   2.0712125e-03
   4.8841143e-09   9.9439070e-01   2.1234427e-03
   4.9239341e-09   9.9431097e-01   2.1767677e-03
   4.9640784e-09   9.9423108e-01   2.2310713e-03
   5.0045501e-09   9.9415013e-01   2.2864100e-03
   5.0453517e-09   9.9406855e-01   2.3416809e-03
   5.0864859e-09   9.9398581e-01   2.3978762e-03
   5.1279556e-09   9.9390133e-01   2.4556754e-03
   5.1697633e-09   9.9381554e-01   2.5146163e-03
   5.2119119e-09   9.9372878e-01   2.5762930e-03
   5.2544041e-09   9.9364074e-01   2.6392355e-03
   5.2972427e-09   9.9355320e-01   2.7043806e-03
   5.3404306e-09   9.9346442e-01   2.7707990e-03
   5.3839707e-09   9.9337580e-01   2.8392655e-03
   5.4278657e-09   9.9328595e-01   2.9090611e-03
   5.4721185e-09   9.9319755e-01   2.9809968e-03
   5.5167322e-09   9.9310803e-01   3.0543457e-03
   5.5617096e-09   9.9302047e-01   3.1299213e-03
   5.6070536e-09   9.9293175e-01   3.2064639e-03
   5.6527674e-09   9.9284289e-01   3.2778629e-03
   5.6988539e-09   9.9275261e-01   3.3506343e-03
   5.7453161e-09   9.9265933e-01   3.4252366e-03
   5.7921571e-09   9.9256467e-01   3.5012997e-03
   5.8393800e-09   9.9246821e-01   3.5793761e-03
   5.8869879e-09   9.9237037e-01   3.6590026e-03
   5.9349839e-09   9.9227105e-01   3.7407417e-03
   5.9833713e-09   9.9217030e-01   3.8241219e-03
   6.0321531e-09   9.9206804e-01   3.9096855e-03
   6.0813327e-09   9.9196419e-01   3.9973328e-03
   6.1309132e-09   9.9185831e-01   4.0887682e-03
   6.1808979e-09   9.9175149e-01   4.1824883e-03
   6.2312902e-09   9.9164530e-01   4.2801176e-03
   6.2820933e-09   9.9153812e-01   4.3798249e-03
   6.3333106e-09   9.9143111e-01   4.4821976e-03
   6.3849455e-09   9.9132320e-01   4.5867746e-03
   6.4370013e-09   9.9121549e-01   4.6941189e-03
   6.4894816e-09   9.9110689e-01   4.8038129e-03
   6.5423897e-09   9.9099832e-01   4.9164099e-03
   6.5957292e-09   9.9088878e-01   5.0306901e-03
   6.6495035e-09   9.9077889e-01   5.1461309e-03
   6.7037163e-09   9.9066884e-01   5.2640813e-03
   6.7583710e-09   9.9055998e-01   5.3849495e-03
   6.8134713e-09   9.9044274e-01   5.5016072e-03
   6.8690209e-09   9.9031120e-01   5.6085932e-03
   6.9250234e-09   9.9016587e-01   5.7380669e-03
   6.9814824e-09   9.8999876e-01   5.9039013e-03
   7.0384018e-09   9.8984619e-01   6.1022125e-03
   7.0957852e-09   9.8971704e-01   6.3481423e-03
   7.1536364e-09   9.8963231e-01   6.6041169e-03
   7.2119593e-09   9.8960919e-01   6.8720426e-03
   7.2707578e-09   9.8961732e-01   7.0949060e-03
   7.3300355e-09   9.8966435e-01   7.2600957e-03
   7.3897966e-09   9.8970432e-01   7.3918337e-03
   7.4500449e-09   9.8973598e-01   7.4851477e-03
   7.5107844e-09   9.8974445e-01   7.5733477e-03
   7.5720191e-09   9.8972896e-01   7.6562386e-03
   7.6337530e-09   9.8970285e-01   7.7082681e-03
   7.6959903e-09   9.8966681e-01   7.7312557e-03
   7.7587350e-09   9.8958686e-01   7.7668033e-03
   7.8219912e-09   9.8946930e-01   7.8130500e-03
   7.8857631e-09   9.8930706e-01   7.8752936e-03
   7.9500550e-09   9.8910963e-01   7.9500209e-03
   8.0148710e-09   9.8898560e-01   8.1497201e-03
   8.0802155e-09   9.8891247e-01   8.4381559e-03
   8.1460927e-09   9.8885154e-01   8.5831759e-03
   8.2125070e-09   9.8879833e-01   8.6379980e-03
   8.2794628e-09   9.8870901e-01   8.7471989e-03
   8.3469644e-09   9.8859875e-01   8.8881471e-03
   8.4150164e-09   9.8851539e-01   9.0056508e-03
   8.4836232e-09   9.8844559e-01   9.1119444e-03
   8.5527894e-09   9.8833714e-01   9.1964034e-03
   8.6225195e-09   9.8821028e-01   9.2712733e-03
   8.6928180e-09   9.8807964e-01   9.4017738e-03
   8.7636897e-09   9.8794647e-01   9.5562444e-03
   8.8351392e-09   9.8778058e-01   9.6990725e-03
   8.9071713e-09   9.8760121e-01   9.8390916e-03
   8.9797906e-09   9.8741140e-01   1.0037157e-02
   9.0530020e-09   9.8721620e-01   1.0256227e-02
   9.1268102e-09   9.8709261e-01   1.0604248e-02
   9.2012202e-09   9.8698798e-01   1.0993355e-02
   9.2762369e-09   9.8707028e-01   1.1291591e-02
   9.3518651e-09   9.8720020e-01   1.1572546e-02
   9.4281100e-09   9.8730579e-01   1.1705421e-02
   9.5049764e-09   9.8740992e-01   1.1809729e-02
   9.5824696e-09   9.8740792e-01   1.1889192e-02
   9.6605945e-09   9.8738941e-01   1.1964778e-02
   9.7393564e-09   9.8734564e-01   1.2074775e-02
   9.8187605e-09   9.8729897e-01   1.2190408e-02
   9.8988119e-09   9.8727190e-01   1.2333036e-02
   9.9795159e-09   9.8724780e-01   1.2480153e-02
   1.0060878e-08   9.8727499e-01   1.2626204e-02
   1.0142903e-08   9.8730826e-01   1.2773948e-02
   1.0225597e-08   9.8734726e-01   1.2853960e-02
   1.0308966e-08   9.8738906e-01   1.2931014e-02
   1.0393014e-08   9.8750297e-01   1.2990215e-02
   1.0477747e-08   9.8762262e-01   1.3048015e-02
   1.0563171e-08   9.8770872e-01   1.2923305e-02
   1.0649292e-08   9.8779248e-01   1.2792077e-02
   1.0736114e-08   9.8767109e-01   1.2596511e-02
   1.0823645e-08   9.8754380e-01   1.2404314e-02
   1.0911889e-08   9.8733110e-01   1.2387718e-02
   1.1000852e-08   9.8711991e-01   1.2368248e-02
   1.1090541e-08   9.8696750e-01   1.2336666e-02
   1.1180961e-08   9.8681022e-01   1.2302760e-02
   1.1272119e-08   9.8662474e-01   1.2267386e-02
   1.1364019e-08   9.8643545e-01   1.2234764e-02
   1.1456669e-08   9.8623599e-01   1.2237195e-02
   1.1550074e-08   9.8602937e-01   1.2223758e-02
   1.1644241e-08   9.8579591e-01   1.2125538e-02
   1.1739175e-08   9.8553250e-01   1.2038958e-02
   1.1834883e-08   9.8513756e-01   1.2024944e-02
   1.1931372e-08   9.8474810e-01   1.2104954e-02
   1.2028647e-08   9.8440571e-01   1.2582157e-02
   1.2126716e-08   9.8426328e-01   1.3088576e-02
   1.2225584e-08   9.8485919e-01   1.3674310e-02
   1.2325258e-08   9.8647222e-01   1.4280008e-02
   1.2425744e-08   9.9062105e-01   1.1033126e-02
   1.2527050e-08   9.8618782e-01   8.8477748e-03
   1.2629182e-08   9.8460675e-01   9.0400686e-03
   1.2732147e-08   9.8321897e-01   9.2339941e-03
   1.2835951e-08   9.8236298e-01   9.4268066e-03
   1.2940601e-08   9.8155281e-01   9.6236115e-03
   1.3046104e-08   9.8086634e-01   9.8250673e-03
   1.3152468e-08   9.8019918e-01   1.0030745e-02
   1.3259699e-08   9.7958424e-01   1.0241264e-02
   1.3367804e-08   9.7897812e-01   1.0456229e-02
   1.3476790e-08   9.7839740e-01   1.0676193e-02
   1.3586665e-08   9.7782109e-01   1.0901873e-02
   1.3697436e-08   9.7725883e-01   1.1134398e-02
   1.3809110e-08   9.7669910e-01   1.1372448e-02
   1.3921694e-08   9.7614795e-01   1.1616692e-02
   1.4035196e-08   9.7559706e-01   1.1866212e-02
   1.4149624e-08   9.7504978e-01   1.2121353e-02
   1.4264984e-08   9.7450133e-01   1.2382058e-02
   1.4381285e-08   9.7395343e-01   1.2648597e-02
   1.4498535e-08   9.7340015e-01   1.2920986e-02
   1.4616740e-08   9.7284180e-01   1.3199411e-02
   1.4735909e-08   9.7228026e-01   1.3489816e-02
   1.4856049e-08   9.7171538e-01   1.3792308e-02
   1.4977169e-08   9.7115115e-01   1.4102029e-02
   1.5099277e-08   9.7058646e-01   1.4418936e-02
   1.5222379e-08   9.7001790e-01   1.4743103e-02
   1.5346486e-08   9.6944426e-01   1.5074401e-02
   1.5471604e-08   9.6886229e-01   1.5413327e-02
   1.5597743e-08   9.6827139e-01   1.5759626e-02
   1.5724910e-08   9.6767986e-01   1.6128483e-02
   1.5853114e-08   9.6708449e-01   1.6514958e-02
   1.5982362e-08   9.6649061e-01   1.6912120e-02
   1.6112665e-08   9.6589362e-01   1.7318828e-02
   1.6244030e-08   9.6530273e-01   1.7736649e-02
   1.6376466e-08   9.6471067e-01   1.8164236e-02
   1.6509982e-08   9.6412528e-01   1.8596900e-02
   1.6644586e-08   9.6353824e-01   1.9036278e-02
   1.6780288e-08   9.6294595e-01   1.9478163e-02
   1.6917096e-08   9.6234588e-01   1.9925839e-02
   1.7055019e-08   9.6174176e-01   2.0384728e-02
   1.7194067e-08   9.6113005e-01   2.0853306e-02
   1.7334249e-08   9.6052018e-01   2.1333722e-02
   1.7475573e-08   9.5990453e-01   2.1824182e-02
   1.7618050e-08   9.5929260e-01   2.2316175e-02
   1.7761688e-08   9.5867504e-01   2.2815039e-02
   1.7906498e-08   9.5804907e-01   2.3317406e-02
   1.8052487e-08   9.5741360e-01   2.3827559e-02
   1.8199668e-08   9.5677143e-01   2.4350249e-02
   1.8348048e-08   9.5611992e-01   2.4883272e-02
   1.8497638e-08   9.5546443e-01   2.5429528e-02
   1.8648447e-08   9.5479988e-01   2.5986495e-02
   1.8800486e-08   9.5413488e-01   2.6557382e-02
   1.8953765e-08   9.5346112e-01   2.7139365e-02
   1.9108293e-08   9.5278621e-01   2.7722933e-02
   1.9264081e-08   9.5210210e-01   2.8316079e-02
   1.9421139e-08   9.5140676e-01   2.8923443e-02
   1.9579478e-08   9.5070069e-01   2.9542233e-02
   1.9739107e-08   9.4998844e-01   3.0177064e-02
   1.9900038e-08   9.4926561e-01   3.0823826e-02
   2.0062281e-08   9.4853762e-01   3.1487540e-02
   2.0225847e-08   9.4779878e-01   3.2163611e-02
   2.0390747e-08   9.4705458e-01   3.2857452e-02
   2.0556990e-08   9.4629922e-01   3.3564172e-02
   2.0724590e-08   9.4553674e-01   3.4291208e-02
   2.0893555e-08   9.4476310e-01   3.5032327e-02
   2.1063898e-08   9.4398783e-01   3.5806638e-02
   2.1235630e-08   9.4320206e-01   3.6595624e-02
   2.1408762e-08   9.4242230e-01   3.7404792e-02
   2.1583306e-08   9.4163235e-01   3.8229445e-02
   2.1759272e-08   9.4084553e-01   3.9075092e-02
   2.1936674e-08   9.4004889e-01   3.9937088e-02
   2.2115521e-08   9.3925463e-01   4.0820944e-02
   2.2295827e-08   9.3845106e-01   4.1722045e-02
   2.2477603e-08   9.3765022e-01   4.2645739e-02
   2.2660860e-08   9.3684071e-01   4.3587630e-02
   2.2845612e-08   9.3603478e-01   4.4552991e-02
   2.3031870e-08   9.3522078e-01   4.5537566e-02
   2.3219647e-08   9.3441038e-01   4.6546564e-02
   2.3408954e-08   9.3359324e-01   4.7576938e-02
   2.3599805e-08   9.3278252e-01   4.8637046e-02
   2.3792212e-08   9.3196737e-01   4.9719208e-02
   2.3986188e-08   9.3116374e-01   5.0829654e-02
   2.4181745e-08   9.3035848e-01   5.1962859e-02
   2.4378896e-08   9.2956967e-01   5.3123556e-02
   2.4577655e-08   9.2878325e-01   5.4308250e-02
   2.4778034e-08   9.2801989e-01   5.5521463e-02
   2.4980047e-08   9.2727260e-01   5.6759996e-02
   2.5183707e-08   9.2657619e-01   5.8028126e-02
   2.5389028e-08   9.2589475e-01   5.9278967e-02
   2.5596022e-08   9.2525347e-01   6.0466664e-02
   2.5804704e-08   9.2458499e-01   6.1655636e-02
   2.6015087e-08   9.2386966e-01   6.2827947e-02
   2.6227186e-08   9.2313919e-01   6.4022126e-02
   2.6441013e-08   9.2238789e-01   6.5239500e-02
   2.6656584e-08   9.2162730e-01   6.6479263e-02
   2.6873913e-08   9.2085666e-01   6.7742384e-02
   2.7093013e-08   9.2007895e-01   6.9028316e-02
   2.7313900e-08   9.1929467e-01   7.0337734e-02
   2.7536588e-08   9.1850519e-01   7.1671832e-02
   2.7761091e-08   9.1771138e-01   7.3031524e-02
   2.7987424e-08   9.1691454e-01   7.4416903e-02
   2.8215603e-08   9.1611548e-01   7.5828690e-02
   2.8445642e-08   9.1531534e-01   7.7267296e-02
   2.8677557e-08   9.1451454e-01   7.8733283e-02
   2.8911362e-08   9.1371495e-01   8.0227218e-02
   2.9147073e-08   9.1291621e-01   8.1749468e-02
   2.9384707e-08   9.1212107e-01   8.3300800e-02
   2.9624277e-08   9.1132809e-01   8.4881384e-02
   2.9865801e-08   9.1054168e-01   8.6492420e-02
   3.0109294e-08   9.0975898e-01   8.8133827e-02
   3.0354772e-08   9.0898629e-01   8.9806781e-02
   3.0602252e-08   9.0821889e-01   9.1510997e-02
   3.0851749e-08   9.0746914e-01   9.3248288e-02
   3.1103281e-08   9.0672882e-01   9.5018060e-02
   3.1356863e-08   9.0600876e-01   9.6816617e-02
   3.1612512e-08   9.0529860e-01   9.8645351e-02
   3.1870246e-08   9.0461093e-01   1.0050607e-01
   3.2130081e-08   9.0393327e-01   1.0239929e-01
   3.2392034e-08   9.0328971e-01   1.0432943e-01
   3.2656123e-08   9.0266090e-01   1.0629506e-01
   3.2922366e-08   9.0208519e-01   1.0829931e-01
   3.3190778e-08   9.0153154e-01   1.1034033e-01
   3.3461380e-08   9.0106869e-01   1.1242146e-01
   3.3734187e-08   9.0064139e-01   1.1454056e-01
   3.4009219e-08   9.0046496e-01   1.1660680e-01
   3.4286492e-08   9.0037842e-01   1.1867916e-01
   3.4566027e-08   9.0016898e-01   1.2042012e-01
   3.4847840e-08   8.9992955e-01   1.2208353e-01
   3.5131951e-08   8.9957205e-01   1.2376894e-01
   3.5418379e-08   8.9918826e-01   1.2547872e-01
   3.5707142e-08   8.9873914e-01   1.2721102e-01
   3.5998258e-08   8.9827788e-01   1.2896846e-01
   3.6291749e-08   8.9777942e-01   1.3074896e-01
   3.6587632e-08   8.9727542e-01   1.3255536e-01
   3.6885927e-08   8.9674460e-01   1.3438542e-01
   3.7186655e-08   8.9621051e-01   1.3624219e-01
   3.7489834e-08   8.9565554e-01   1.3812323e-01
   3.7795485e-08   8.9509839e-01   1.4003185e-01
   3.8103628e-08   8.9452462e-01   1.4196523e-01
   3.8414283e-08   8.9394937e-01   1.4392704e-01
   3.8727471e-08   8.9335715e-01   1.4591421e-01
   3.9043212e-08   8.9276365e-01   1.4793069e-01
   3.9361528e-08   8.9216102e-01   1.4998790e-01
   3.9682438e-08   8.9155768e-01   1.5207613e-01
   4.0005966e-08   8.9095382e-01   1.5419778e-01
   4.0332130e-08   8.9034979e-01   1.5635108e-01
   4.0660954e-08   8.8975330e-01   1.5853242e-01
   4.0992459e-08   8.8915699e-01   1.6074618e-01
   4.1326667e-08   8.8856403e-01   1.6298879e-01
   4.1998600e-08   8.3900000e-01   1.8000000e-01
   4.3003800e-08   8.3300000e-01   1.9000000e-01
   4.3995700e-08   8.2700000e-01   2.0200000e-01
   4.5001800e-08   8.2200000e-01   2.1800000e-01
   4.6003700e-08   8.1700000e-01   2.3300000e-01
   4.6997700e-08   8.1300000e-01   2.5000000e-01
   4.7998500e-08   8.0800000e-01   2.7000000e-01
   4.9004000e-08   8.0400000e-01   2.8200000e-01
   4.9592000e-08   7.3300000e-01   3.2500000e-01
   4.9991900e-08   8.0300000e-01   3.0000000e-01
   5.0999600e-08   8.0400000e-01   3.2200000e-01
   5.1658300e-08   7.5300000e-01   3.7500000e-01
   5.2005000e-08   8.0600000e-01   3.4300000e-01
   5.3005600e-08   8.1100000e-01   3.6600000e-01
   5.3904300e-08   7.7400000e-01   4.3400000e-01
   5.3998300e-08   8.1700000e-01   3.8500000e-01
   5.5004400e-08   8.2200000e-01   4.0800000e-01
   5.5998200e-08   8.2900000e-01   4.3000000e-01
   5.6354500e-08   7.9700000e-01   4.8000000e-01
   5.7002300e-08   8.3300000e-01   4.5000000e-01
   5.7988800e-08   8.4300000e-01   4.7000000e-01
   5.9010000e-08   8.5100000e-01   4.8200000e-01
   5.9038100e-08   8.2700000e-01   5.3000000e-01
   6.0009700e-08   8.6200000e-01   4.9700000e-01
   6.1990000e-08   8.5900000e-01   5.8500000e-01
   6.3579500e-08   8.7900000e-01   6.1300000e-01
   6.5252600e-08   9.0200000e-01   6.4500000e-01
   6.7016200e-08   9.2700000e-01   6.7700000e-01
   6.8877800e-08   9.5700000e-01   7.1200000e-01
   6.9847900e-08   9.7500000e-01   7.3100000e-01
   7.0845700e-08   9.9900000e-01   7.5000000e-01
   7.1872500e-08   1.0300000e+00   7.6300000e-01
   7.2929400e-08   1.0720000e+00   7.6800000e-01
   7.4017900e-08   1.1240000e+00   7.6500000e-01
   7.5139400e-08   1.1370000e+00   7.5500000e-01
   7.6295400e-08   1.1560000e+00   7.3700000e-01
   7.7487500e-08   1.1720000e+00   7.1700000e-01
   7.8717500e-08   1.1780000e+00   7.0300000e-01
   7.9987100e-08   1.1720000e+00   6.9600000e-01
   8.1298400e-08   1.1670000e+00   6.9900000e-01
   8.2653300e-08   1.1680000e+00   7.1100000e-01
   8.4054200e-08   1.1750000e+00   7.3900000e-01
   8.5503400e-08   1.1950000e+00   7.7100000e-01
   8.7003500e-08   1.2250000e+00   7.9900000e-01
   8.8557100e-08   1.2650000e+00   8.0800000e-01
   9.0167300e-08   1.3200000e+00   7.9500000e-01
   9.1837000e-08   1.3630000e+00   7.7500000e-01
   9.3569800e-08   1.3710000e+00   7.5500000e-01
   9.5369200e-08   1.3680000e+00   7.4700000e-01
   9.7239200e-08   1.3720000e+00   7.6600000e-01
   9.9184000e-08   1.3830000e+00   7.9300000e-01
   1.0120800e-07   1.4100000e+00   8.2400000e-01
   1.0331700e-07   1.4750000e+00   8.6100000e-01
   1.0506800e-07   1.5540000e+00   8.7400000e-01
   1.0687900e-07   1.6350000e+00   8.5900000e-01
   1.0875400e-07   1.7160000e+00   8.1000000e-01
   1.1069600e-07   1.7660000e+00   7.1800000e-01
   1.1270900e-07   1.7390000e+00   5.6900000e-01
   1.1374300e-07   1.6870000e+00   5.6500000e-01
   1.1479600e-07   1.5870000e+00   6.1800000e-01
   1.1586900e-07   1.5130000e+00   7.2500000e-01
   1.1696200e-07   1.4920000e+00   9.1400000e-01
   1.1807600e-07   1.5670000e+00   1.1100000e+00
   1.1864100e-07   1.6450000e+00   1.1360000e+00
   1.1921200e-07   1.7720000e+00   1.1300000e+00
   1.1978700e-07   1.9190000e+00   1.0450000e+00
   1.2036900e-07   2.0480000e+00   9.2500000e-01
   1.2095600e-07   2.1520000e+00   8.1000000e-01
   1.2154900e-07   2.2400000e+00   7.1500000e-01
   1.2275200e-07   2.3320000e+00   4.6000000e-01
   1.2398000e-07   2.3300000e+00   3.2300000e-01
   1.2523200e-07   2.2920000e+00   2.3600000e-01
   1.2651000e-07   2.2430000e+00   1.6800000e-01
   1.2781400e-07   2.1900000e+00   1.1900000e-01
   1.2914600e-07   2.1400000e+00   7.7000000e-02
   1.3050500e-07   2.0920000e+00   5.6100000e-02
   1.3189400e-07   2.0470000e+00   4.3000000e-02
   1.3331200e-07   2.0060000e+00   3.3900000e-02
   1.3476100e-07   1.9690000e+00   2.7100000e-02
   1.3624200e-07   1.9350000e+00   2.2800000e-02
   1.3775600e-07   1.9040000e+00   1.8900000e-02
   1.3930300e-07   1.8760000e+00   1.5600000e-02
   1.4088600e-07   1.8500000e+00   1.3200000e-02
   1.4250600e-07   1.8250000e+00   1.0900000e-02
   1.4416300e-07   1.8030000e+00   8.3800000e-03
   1.4585900e-07   1.7830000e+00   5.5700000e-03
   1.4759500e-07   1.7640000e+00   3.1700000e-03
   1.4937300e-07   1.7470000e+00   1.4000000e-03
   1.5119500e-07   1.7300000e+00   4.6300000e-04
   1.5306200e-07   1.7160000e+00   1.2200000e-04
   1.5497500e-07   1.7020000e+00   3.2000000e-05
   1.5894900e-07   1.6760000e+00   4.7000000e-06
   1.6313200e-07   1.6530000e+00   0.0000000e+00
   1.6754100e-07   1.6330000e+00   0.0000000e+00
   1.7219400e-07   1.6160000e+00   0.0000000e+00
   1.7711400e-07   1.6000000e+00   0.0000000e+00
   1.8367400e-07   1.5820000e+00   0.0000000e+00
   1.9073800e-07   1.5670000e+00   0.0000000e+00
   1.9836800e-07   1.5540000e+00   0.0000000e+00
   2.0663300e-07   1.5430000e+00   0.0000000e+00
   2.1384700e-07   1.5342900e+00   0.0000000e+00
   2.1442800e-07   1.5337100e+00   0.0000000e+00
   2.2673700e-07   1.5227600e+00   0.0000000e+00
   2.3019800e-07   1.5200900e+00   0.0000000e+00
   2.3782400e-07   1.5147400e+00   0.0000000e+00
   2.3992700e-07   1.5133800e+00   0.0000000e+00
   2.4826300e-07   1.5084100e+00   0.0000000e+00
   2.6519200e-07   1.5000400e+00   0.0000000e+00
   2.6987400e-07   1.4980500e+00   0.0000000e+00
   2.7526600e-07   1.4959200e+00   0.0000000e+00
   2.8033300e-07   1.4940400e+00   0.0000000e+00
   2.8934800e-07   1.4909900e+00   0.0000000e+00
   2.9671600e-07   1.4887300e+00   0.0000000e+00
   3.0214000e-07   1.4871900e+00   0.0000000e+00
   3.3024300e-07   1.4805300e+00   0.0000000e+00
   3.3413300e-07   1.4797600e+00   0.0000000e+00
   3.4035200e-07   1.4785800e+00   0.0000000e+00
   3.4660300e-07   1.4774600e+00   0.0000000e+00
   3.6103700e-07   1.4751200e+00   0.0000000e+00
   3.6500100e-07   1.4745300e+00   0.0000000e+00
   4.0463400e-07   1.4696100e+00   0.0000000e+00
   4.3581300e-07   1.4666900e+00   0.0000000e+00
   4.6779600e-07   1.4642900e+00   0.0000000e+00
   4.8612000e-07   1.4631300e+00   0.0000000e+00
   5.0855200e-07   1.4618700e+00   0.0000000e+00
   5.4604700e-07   1.4600800e+00   0.0000000e+00
   5.7694600e-07   1.4588500e+00   0.0000000e+00
   5.7904800e-07   1.4587700e+00   0.0000000e+00
   5.8752700e-07   1.4584700e+00   0.0000000e+00
   5.8923100e-07   1.4584100e+00   0.0000000e+00
   6.4381800e-07   1.4567100e+00   0.0000000e+00
   6.5625700e-07   1.4563700e+00   0.0000000e+00
   6.6778000e-07   1.4560800e+00   0.0000000e+00
   7.0647900e-07   1.4551500e+00   0.0000000e+00
   8.5209600e-07   1.4524800e+00   0.0000000e+00
   8.9432300e-07   1.4518500e+00   0.0000000e+00
   1.0139000e-06   1.4502500e+00   0.0000000e+00
   1.0828900e-06   1.4494100e+00   0.0000000e+00
   1.1286300e-06   1.4488800e+00   0.0000000e+00
   1.3621500e-06   1.4462100e+00   0.0000000e+00
   1.3950100e-06   1.4458400e+00   0.0000000e+00
   1.4694400e-06   1.4449700e+00   0.0000000e+00
   1.5294700e-06   1.4442700e+00   0.0000000e+00
   1.6605300e-06   1.4426700e+00   0.0000000e+00
   1.6808600e-06   1.4424100e+00   0.0000000e+00
   1.6931400e-06   1.4422600e+00   0.0000000e+00
   1.7090600e-06   1.4420500e+00   0.0000000e+00
   1.8130000e-06   1.4406900e+00   0.0000000e+00
   1.9700000e-06   1.4385100e+00   0.0000000e+00
   2.0580000e-06   1.4372200e+00   0.0000000e+00
   2.1525100e-06   1.4357600e+00   0.0000000e+00
   2.3253400e-06   1.4329200e+00   0.0000000e+00
   2.4372900e-06   1.4309500e+00   0.0000000e+00
   3.2437700e-06   1.4131400e+00   0.0000000e+00
   3.2666700e-06   1.4125300e+00   0.0000000e+00
   3.3024300e-06   1.4115500e+00   0.0000000e+00
   3.4220300e-06   1.4081900e+00   0.0000000e+00
   3.5068200e-06   1.4056800e+00   0.0000000e+00
   3.5562100e-06   1.4041800e+00   0.0000000e+00
   3.7065400e-06   1.3993600e+00   0.0000000e+00
   3.8455300e-06   1.3950000e+00   0.0000000e+00
   4.1659900e-06   1.3830000e+00   0.0000000e+00
   4.5447200e-06   1.3650000e+00   0.0000000e+00
   4.9991900e-06   1.3420000e+00   0.0000000e+00
   5.5546600e-06   1.3060000e+00   0.0000000e+00
   5.8814000e-06   1.2780000e+00   0.0000000e+00
   6.2489900e-06   1.2390000e+00   0.0000000e+00
   6.4505700e-06   1.2120000e+00   0.0000000e+00
   6.6655900e-06   1.1750000e+00   0.0000000e+00
   6.7564000e-06   1.1580000e+00   0.0000000e+00
   6.8497200e-06   1.1350000e+00   0.0000000e+00
   6.9456600e-06   1.1070000e+00   0.0000000e+00
   7.0000000e-06   1.0878000e+00   1.4657000e-04
   7.0304000e-06   1.0794000e+00   1.9034000e-04
   7.0610000e-06   1.0705000e+00   2.4633000e-04
   7.0919000e-06   1.0611000e+00   3.1776000e-04
   7.1231000e-06   1.0513000e+00   4.0858000e-04
   7.1546000e-06   1.0410000e+00   5.2380000e-04
   7.1863000e-06   1.0301000e+00   6.6963000e-04
   7.2184000e-06   1.0186000e+00   8.5394000e-04
   7.2507000e-06   1.0064000e+00   1.0867000e-03
   7.2833000e-06   9.9352000e-01   1.3808000e-03
   7.3162000e-06   9.7977000e-01   1.7528000e-03
   7.3494000e-06   9.6510000e-01   2.2248000e-03
   7.3829000e-06   9.4940000e-01   2.8263000e-03
   7.4167000e-06   9.3255000e-01   3.5974000e-03
   7.4508000e-06   9.1440000e-01   4.5932000e-03
   7.4852000e-06   8.9478000e-01   5.8900000e-03
   7.5200000e-06   8.7347000e-01   7.5944000e-03
   7.5550000e-06   8.5024000e-01   9.8548000e-03
   7.5905000e-06   8.2480000e-01   1.2879000e-02
   7.6262000e-06   7.9684000e-01   1.6958000e-02
   7.6623000e-06   7.6599000e-01   2.2496000e-02
   7.6987000e-06   7.3186000e-01   3.0063000e-02
   7.7355000e-06   6.9403000e-01   4.0461000e-02
   7.7726000e-06   6.5213000e-01   5.4834000e-02
   7.8100000e-06   6.0594000e-01   7.4830000e-02
   7.8479000e-06   5.5577000e-01   1.0281000e-01
   7.8861000e-06   5.0316000e-01   1.4196000e-01
   7.9247000e-06   4.5235000e-01   1.9549000e-01
   7.9636000e-06   4.1083000e-01   2.6352000e-01
   8.0030000e-06   3.8515000e-01   3.3993000e-01
   8.0427000e-06   3.7544000e-01   4.1614000e-01
   8.0829000e-06   3.7746000e-01   4.8707000e-01
   8.1234000e-06   3.8687000e-01   5.5116000e-01
   8.1643000e-06   4.0045000e-01   6.0845000e-01
   8.2057000e-06   4.1588000e-01   6.5957000e-01
   8.2475000e-06   4.3136000e-01   7.0534000e-01
   8.2897000e-06   4.4543000e-01   7.4674000e-01
   8.3323000e-06   4.5683000e-01   7.8491000e-01
   8.3754000e-06   4.6448000e-01   8.2122000e-01
   8.4190000e-06   4.6753000e-01   8.5729000e-01
   8.4629000e-06   4.6539000e-01   8.9502000e-01
   8.5074000e-06   4.5782000e-01   9.3660000e-01
   8.5523000e-06   4.4503000e-01   9.8454000e-01
   8.5977000e-06   4.2780000e-01   1.0416000e+00
   8.6436000e-06   4.0757000e-01   1.1106000e+00
   8.6900000e-06   3.8657000e-01   1.1948000e+00
   8.7368000e-06   3.6786000e-01   1.2973000e+00
   8.7842000e-06   3.5580000e-01   1.4221000e+00
   8.8321000e-06   3.5737000e-01   1.5739000e+00
   8.8805000e-06   3.8509000e-01   1.7568000e+00
   8.9295000e-06   4.5931000e-01   1.9693000e+00
   8.9790000e-06   6.0421000e-01   2.1947000e+00
   9.0290000e-06   8.3443000e-01   2.3972000e+00
   9.0797000e-06   1.1392000e+00   2.5310000e+00
   9.1308000e-06   1.4777000e+00   2.5619000e+00
   9.1826000e-06   1.7934000e+00   2.4883000e+00
   9.2350000e-06   2.0418000e+00   2.3453000e+00
   9.2879000e-06   2.2149000e+00   2.1853000e+00
   9.3415000e-06   2.3404000e+00   2.0446000e+00
   9.3957000e-06   2.4551000e+00   1.9245000e+00
   9.4505000e-06   2.5753000e+00   1.8023000e+00
   9.5059000e-06   2.6929000e+00   1.6587000e+00
   9.5621000e-06   2.7906000e+00   1.4893000e+00
   9.6188000e-06   2.8553000e+00   1.3022000e+00
   9.6763000e-06   2.8812000e+00   1.1103000e+00
   9.7345000e-06   2.8694000e+00   9.2626000e-01
   9.7933000e-06   2.8254000e+00   7.6014000e-01
   9.8529000e-06   2.7576000e+00   6.1871000e-01
   9.9132000e-06   2.6753000e+00   5.0502000e-01
   9.9742000e-06   2.5871000e+00   4.1876000e-01
   1.0036000e-05   2.5005000e+00   3.5692000e-01
   1.0099000e-05   2.4206000e+00   3.1485000e-01
   1.0162000e-05   2.3502000e+00   2.8730000e-01
   1.0226000e-05   2.2900000e+00   2.6937000e-01
   1.0291000e-05   2.2393000e+00   2.5711000e-01
   1.0357000e-05   2.1966000e+00   2.4772000e-01
   1.0424000e-05   2.1602000e+00   2.3944000e-01
   1.0491000e-05   2.1286000e+00   2.3132000e-01
   1.0559000e-05   2.1002000e+00   2.2291000e-01
   1.0629000e-05   2.0742000e+00   2.1413000e-01
   1.0699000e-05   2.0496000e+00   2.0501000e-01
   1.0770000e-05   2.0258000e+00   1.9574000e-01
   1.0842000e-05   2.0023000e+00   1.8652000e-01
   1.0915000e-05   1.9787000e+00   1.7764000e-01
   1.0989000e-05   1.9547000e+00   1.6942000e-01
   1.1064000e-05   1.9299000e+00   1.6225000e-01
   1.1140000e-05   1.9043000e+00   1.5662000e-01
   1.1218000e-05   1.8779000e+00   1.5307000e-01
   1.1296000e-05   1.8507000e+00   1.5220000e-01
   1.1375000e-05   1.8230000e+00   1.5468000e-01
   1.1456000e-05   1.7956000e+00   1.6111000e-01
   1.1537000e-05   1.7693000e+00   1.7201000e-01
   1.1620000e-05   1.7452000e+00   1.8766000e-01
   1.1704000e-05   1.7247000e+00   2.0794000e-01
   1.1789000e-05   1.7094000e+00   2.3225000e-01
   1.1876000e-05   1.7006000e+00   2.5940000e-01
   1.1963000e-05   1.6993000e+00   2.8765000e-01
   1.2052000e-05   1.7058000e+00   3.1490000e-01
   1.2143000e-05   1.7198000e+00   3.3894000e-01
   1.2234000e-05   1.7403000e+00   3.5780000e-01
   1.2327000e-05   1.7654000e+00   3.6994000e-01
   1.2422000e-05   1.7934000e+00   3.7444000e-01
   1.2518000e-05   1.8219000e+00   3.7101000e-01
   1.2615000e-05   1.8491000e+00   3.5998000e-01
   1.2714000e-05   1.8732000e+00   3.4215000e-01
   1.2815000e-05   1.8928000e+00   3.1869000e-01
   1.2917000e-05   1.9068000e+00   2.9102000e-01
   1.3021000e-05   1.9148000e+00   2.6066000e-01
   1.3127000e-05   1.9166000e+00   2.2912000e-01
   1.3234000e-05   1.9123000e+00   1.9781000e-01
   1.3343000e-05   1.9026000e+00   1.6796000e-01
   1.3454000e-05   1.8880000e+00   1.4054000e-01
   1.3566000e-05   1.8696000e+00   1.1627000e-01
   1.3681000e-05   1.8483000e+00   9.5571000e-02
   1.3798000e-05   1.8249000e+00   7.8627000e-02
   1.3916000e-05   1.8003000e+00   6.5388000e-02
   1.4037000e-05   1.7752000e+00   5.5635000e-02
   1.4159000e-05   1.7502000e+00   4.9029000e-02
   1.4284000e-05   1.7257000e+00   4.5171000e-02
   1.4411000e-05   1.7019000e+00   4.3644000e-02
   1.4541000e-05   1.6791000e+00   4.4055000e-02
   1.4672000e-05   1.6571000e+00   4.6059000e-02
   1.4807000e-05   1.6360000e+00   4.9370000e-02
   1.4943000e-05   1.6156000e+00   5.3765000e-02
   1.5082000e-05   1.5960000e+00   5.9080000e-02
   1.5224000e-05   1.5769000e+00   6.5201000e-02
   1.5368000e-05   1.5584000e+00   7.2055000e-02
   1.5516000e-05   1.5402000e+00   7.9595000e-02
   1.5666000e-05   1.5223000e+00   8.7797000e-02
   1.5819000e-05   1.5046000e+00   9.6651000e-02
   1.5975000e-05   1.4871000e+00   1.0615000e-01
   1.6134000e-05   1.4696000e+00   1.1630000e-01
   1.6296000e-05   1.4522000e+00   1.2711000e-01
   1.6462000e-05   1.4347000e+00   1.3857000e-01
   1.6631000e-05   1.4170000e+00   1.5069000e-01
   1.6803000e-05   1.3990000e+00   1.6348000e-01
   1.6980000e-05   1.3806000e+00   1.7695000e-01
   1.7159000e-05   1.3616000e+00   1.9112000e-01
   1.7343000e-05   1.3417000e+00   2.0603000e-01
   1.7531000e-05   1.3206000e+00   2.2173000e-01
   1.7723000e-05   1.2980000e+00   2.3831000e-01
   1.7919000e-05   1.2731000e+00   2.5592000e-01
   1.8119000e-05   1.2455000e+00   2.7482000e-01
   1.8324000e-05   1.2139000e+00   2.9536000e-01
   1.8534000e-05   1.1771000e+00   3.1820000e-01
   1.8748000e-05   1.1330000e+00   3.4441000e-01
   1.8968000e-05   1.0786000e+00   3.7593000e-01
   1.9193000e-05   1.0096000e+00   4.1654000e-01
   1.9423000e-05   9.1968000e-01   4.7426000e-01
   1.9658000e-05   8.0196000e-01   5.6696000e-01
   1.9900000e-05   6.6102000e-01   7.3106000e-01
   2.0148000e-05   5.4296000e-01   1.0087000e+00
   2.0401000e-05   5.2975000e-01   1.3988000e+00
   2.0662000e-05   7.0236000e-01   1.8459000e+00
   2.0928000e-05   1.1089000e+00   2.2271000e+00
   2.1202000e-05   1.6880000e+00   2.3816000e+00
   2.1484000e-05   2.2514000e+00   2.2330000e+00
   2.1772000e-05   2.6070000e+00   1.8824000e+00
   2.2069000e-05   2.7207000e+00   1.5382000e+00
   2.2374000e-05   2.7292000e+00   1.3240000e+00
   2.2687000e-05   2.7637000e+00   1.1916000e+00
   2.3010000e-05   2.8291000e+00   1.0507000e+00
   2.3341000e-05   2.8764000e+00   8.7847000e-01
   2.3682000e-05   2.8783000e+00   6.9647000e-01
   2.4034000e-05   2.8344000e+00   5.3099000e-01
   2.4396000e-05   2.7587000e+00   3.9885000e-01
   2.4769000e-05   2.6691000e+00   3.0536000e-01
   2.5153000e-05   2.5811000e+00   2.4658000e-01
   2.5550000e-05   2.5042000e+00   2.1347000e-01
   2.5960000e-05   2.4419000e+00   1.9621000e-01
   2.6383000e-05   2.3933000e+00   1.8708000e-01
   2.6819000e-05   2.3556000e+00   1.8128000e-01
   2.7271000e-05   2.3258000e+00   1.7638000e-01
   2.7738000e-05   2.3017000e+00   1.7139000e-01
   2.8221000e-05   2.2816000e+00   1.6602000e-01
   2.8722000e-05   2.2644000e+00   1.6023000e-01
   2.9240000e-05   2.2494000e+00   1.5409000e-01
   2.9778000e-05   2.2360000e+00   1.4767000e-01
   3.0335000e-05   2.2240000e+00   1.4105000e-01
   3.0914000e-05   2.2129000e+00   1.3429000e-01
   3.1516000e-05   2.2026000e+00   1.2746000e-01
   3.2141000e-05   2.1930000e+00   1.2060000e-01
   3.2792000e-05   2.1838000e+00   1.1377000e-01
   3.3469000e-05   2.1751000e+00   1.0702000e-01
   3.4176000e-05   2.1667000e+00   1.0036000e-01
   3.4912000e-05   2.1585000e+00   9.3854000e-02
   3.5681000e-05   2.1506000e+00   8.7513000e-02
   3.6485000e-05   2.1429000e+00   8.1367000e-02
   3.7326000e-05   2.1353000e+00   7.5437000e-02
   3.8206000e-05   2.1279000e+00   6.9739000e-02
   3.9129000e-05   2.1206000e+00   6.4288000e-02
   4.0098000e-05   2.1135000e+00   5.9095000e-02
   4.1116000e-05   2.1065000e+00   5.4167000e-02
   4.2187000e-05   2.0996000e+00   4.9509000e-02
   4.3315000e-05   2.0929000e+00   4.5123000e-02
   4.4505000e-05   2.0864000e+00   4.1008000e-02
   4.5762000e-05   2.0800000e+00   3.7162000e-02
   4.7093000e-05   2.0737000e+00   3.3581000e-02
   4.8503000e-05   2.0676000e+00   3.0258000e-02
   5.0000000e-05   2.0617000e+00   2.7185000e-02
